0 0.20143 0.860197 0.0108481 0.0125
1 0.608728 0.502138 0.015286 0.0115132
2 0.373767 0.222862 0.00936884 0.0115132
2 0.444157 0.215132 0.00567061 0.0151316
1 0.505424 0.555099 0.00788955 0.00953947
0 0.287599 0.838158 0.0066568 0.00921053
2 0.328649 0.0652961 0.0108481 0.0286184
1 0.724975 0.731414 0.00616371 0.00822368
1 0.531312 0.495395 0.00295858 0.00394737
0 0.260355 0.637007 0.0123274 0.0121711
1 0.485823 0.410362 0.00468442 0.00756579
0 0.404463 0.848191 0.00813609 0.00888158
0 0.14571 0.862664 0.0128205 0.0141447
1 0.915187 0.697697 0.00690335 0.00723684
1 0.272682 0.574671 0.0207101 0.0184211
2 0.348866 0.0662829 0.0138067 0.0134868
2 0.344305 0.0902961 0.00517751 0.0273026
0 0.466593 0.983882 0.0066568 0.0197368
1 0.494699 0.399671 0.00616371 0.0111842
0 0.0907298 0.850164 0.00591716 0.0220395
0 0.417899 0.963816 0.00887574 0.00855263
1 0.508259 0.386678 0.00616371 0.00559211
1 0.617604 0.46398 0.00739645 0.00822368
2 0.268614 0.0319079 0.0106016 0.0342105
1 0.487179 0.400329 0.0108481 0.00921053
0 0.149655 0.994079 0.00739645 0.0105263
2 0.432816 0.269737 0.00862919 0.00855263
0 0.0649655 0.968586 0.00961538 0.00822368
2 0.425049 0.133059 0.00788955 0.0108553
0 0.433309 0.993092 0.0071499 0.0138158
2 0.337032 0.0832237 0.0128205 0.0217105
0 0.424186 0.939309 0.00862919 0.0101974
1 0.705005 0.734375 0.00517751 0.00756579
0 0.100592 0.99523 0.0123274 0.00822368
0 0.357988 0.975164 0.010355 0.0134868
0 0.179487 0.975658 0.00591716 0.0105263
1 0.377959 0.45477 0.00788955 0.00756579
2 0.369329 0.132895 0.00887574 0.0256579
1 0.600838 0.540296 0.0162722 0.0141447
1 0.980769 0.78898 0.0138067 0.0134868
1 0.880794 0.675164 0.0145464 0.0200658
0 0.357249 0.993257 0.00739645 0.0101974
1 0.744453 0.793914 0.007643 0.0128289
0 0.383876 0.983717 0.00887574 0.00953947
0 0.0904832 0.939474 0.00641026 0.0157895
2 0.369946 0.183882 0.00813609 0.0118421
2 0.411982 0.193914 0.00641026 0.0128289
1 0.661982 0.730099 0.0113412 0.0115132
2 0.502835 0.298849 0.00616371 0.00822368
2 0.376603 0.173849 0.0066568 0.00625
0 0.172584 0.568914 0.00739645 0.00625
0 0.387944 0.606086 0.00862919 0.0121711
2 0.248151 0.105921 0.0071499 0.0243421
2 0.276627 0.0409539 0.00641026 0.00690789
1 0.46462 0.417928 0.00862919 0.0115132
1 0.580005 0.47023 0.007643 0.0115132
0 0.297091 0.769408 0.0113412 0.0125
2 0.35355 0.0389803 0.0212032 0.0286184
0 0.968072 0.813158 0.00961538 0.0157895
1 0.758506 0.521053 0.0140533 0.00921053
0 0.262204 0.991283 0.0101085 0.0154605
0 0.331977 0.96875 0.007643 0.00789474
0 0.410503 0.989145 0.00591716 0.00986842
2 0.28538 0.282895 0.0071499 0.0111842
1 0.264423 0.616118 0.0283531 0.0401316
0 0.211169 0.872204 0.0071499 0.00888158
0 0.983235 0.844079 0.0118343 0.0157895
0 0.45895 0.992928 0.00468442 0.00756579
2 0.274285 0.158553 0.0140533 0.0131579
0 0.206854 0.842763 0.015286 0.0210526
2 0.406805 0.275 0.0147929 0.00460526
1 0.947608 0.754934 0.0120809 0.0157895
1 0.389546 0.597039 0.0157791 0.00789474
4 0.517505 0.314638 0.0419132 0.0240132
0 0.469305 0.972533 0.0071499 0.00822368
0 0.225468 0.850329 0.0140533 0.0151316
0 0.29857 0.874342 0.00887574 0.00592105
1 0.61711 0.648191 0.0231755 0.0134868
0 0.428254 0.959375 0.0108481 0.0134868
2 0.40249 0.0618421 0.00961538 0.00921053
1 0.448471 0.469408 0.0231755 0.00921053
1 0.452046 0.396382 0.012574 0.0171053
1 0.589497 0.340625 0.0157791 0.0101974
1 0.510848 0.496382 0.00690335 0.00986842
0 0.326183 0.921875 0.00838264 0.00888158
1 0.554487 0.537829 0.00838264 0.00921053
1 0.909517 0.524342 0.0212032 0.0190789
0 0.193294 0.872039 0.0118343 0.0118421
1 0.35466 0.483224 0.0194773 0.0125
1 0.613042 0.770066 0.0184911 0.0210526
2 0.281312 0.143421 0.0128205 0.0421053
0 0.262451 0.914967 0.00912229 0.00953947
1 0.697978 0.619737 0.0113412 0.0203947
2 0.401381 0.106086 0.0118343 0.0115132
1 0.682939 0.466941 0.00838264 0.0121711
1 0.533037 0.452796 0.0128205 0.0128289
0 0.300542 0.963487 0.00887574 0.00986842
0 0.216593 0.980921 0.007643 0.0144737
0 0.314349 0.935526 0.00788955 0.00986842
2 0.267998 0.0932566 0.0113412 0.0115132
0 0.416297 0.937829 0.00862919 0.0171053
2 0.283531 0.354605 0.00986193 0.0144737
1 0.670242 0.548849 0.0101085 0.00888158
1 0.945636 0.722862 0.00912229 0.0154605
1 0.449827 0.413816 0.0263807 0.0105263
0 0.14645 0.955921 0.0167653 0.0157895
1 0.524162 0.47648 0.00641026 0.0121711
2 0.291174 0.293421 0.00936884 0.0111842
1 0.586415 0.50625 0.0115878 0.00855263
1 0.221647 0.527632 0.00887574 0.0111842
0 0.366124 0.978947 0.00591716 0.00855263
0 0.274408 0.847204 0.00887574 0.0115132
0 0.358481 0.984539 0.00887574 0.0105263
0 0.134122 0.875 0.0113412 0.00921053
4 0.991248 0.826316 0.0175049 0.0282895
1 0.890656 0.532895 0.0155325 0.0118421
1 0.660256 0.642599 0.0212032 0.0246711
1 0.683555 0.719408 0.00862919 0.0197368
1 0.690335 0.742599 0.00690335 0.00888158
2 0.385971 0.194408 0.00912229 0.0197368
1 0.958087 0.466118 0.0138067 0.00789474
2 0.393245 0.0483553 0.0226824 0.0236842
0 0.859591 0.833224 0.00862919 0.0111842
1 0.627096 0.716612 0.0530079 0.0286184
0 0.447855 0.94375 0.0110947 0.0157895
1 0.495685 0.572697 0.012574 0.0144737
1 0.991248 0.627303 0.0175049 0.0414474
1 0.459936 0.380099 0.0120809 0.00953947
0 0.309295 0.98602 0.0066568 0.0121711
0 0.287475 0.869737 0.00936884 0.00723684
0 0.374877 0.992763 0.0110947 0.0111842
0 0.282175 0.928454 0.0110947 0.0108553
0 0.773915 0.974671 0.00986193 0.0164474
0 0.231139 0.899178 0.00567061 0.0128289
1 0.448718 0.498026 0.00936884 0.0111842
2 0.37537 0.207072 0.00862919 0.0174342
1 0.712648 0.745395 0.00468442 0.00855263
2 0.436884 0.145888 0.0162722 0.0213816
0 0.373151 0.971382 0.00813609 0.00986842
1 0.826677 0.659375 0.0300789 0.0108553
1 0.937747 0.534539 0.0110947 0.0157895
1 0.634862 0.360362 0.0147929 0.0161184
2 0.317061 0.0646382 0.0157791 0.0207237
1 0.945513 0.662336 0.0113412 0.0161184
1 0.72177 0.602138 0.00468442 0.00625
1 0.578402 0.570395 0.0147929 0.0151316
0 0.809172 0.808388 0.010355 0.00888158
0 0.299556 0.9875 0.00838264 0.0111842
0 0.186637 0.850164 0.0118343 0.0115132
0 0.0792653 0.989145 0.0101085 0.0197368
0 0.282791 0.87977 0.00986193 0.0154605
1 0.651011 0.48273 0.012574 0.0115132
0 0.243343 0.975822 0.00641026 0.0121711
1 0.843442 0.504112 0.0133136 0.0108553
0 0.571006 0.996382 0.0108481 0.00723684
1 0.494453 0.590296 0.0150394 0.0174342
0 0.337278 0.848026 0.00986193 0.0151316
0 0.415064 0.982895 0.007643 0.0111842
1 0.826677 0.542105 0.0197239 0.0144737
1 0.44502 0.371546 0.0192308 0.0167763
1 0.743466 0.619243 0.00813609 0.0121711
1 0.715113 0.731743 0.00517751 0.00888158
0 0.3268 0.85148 0.0110947 0.0154605
1 0.837648 0.559375 0.022929 0.0134868
2 0.295118 0.199342 0.0226824 0.0118421
1 0.559788 0.469079 0.0184911 0.0203947
2 0.376972 0.0827303 0.00493097 0.0134868
0 0.123891 0.835526 0.0101085 0.0131579
0 0.322855 0.988158 0.0101085 0.0118421
1 0.288338 0.387171 0.0327909 0.0263158
0 0.221277 0.899507 0.00567061 0.0128289
2 0.370439 0.0861842 0.00419132 0.0138158
0 0.477441 0.958553 0.00517751 0.00723684
2 0.376603 0.184868 0.00813609 0.0223684
1 0.654832 0.494408 0.0133136 0.0184211
2 0.450937 0.194901 0.0118343 0.00822368
2 0.292776 0.305592 0.0115878 0.0151316
2 0.360207 0.103289 0.0128205 0.0243421
1 0.823102 0.602632 0.0204635 0.0177632
0 0.352318 0.845066 0.00936884 0.0111842
1 0.551898 0.572204 0.0135602 0.0141447
0 0.208333 0.933224 0.0108481 0.00855263
2 0.483111 0.290296 0.0120809 0.0246711
1 0.510602 0.369572 0.0138067 0.0226974
1 0.404709 0.619737 0.00912229 0.0190789
0 0.384122 0.994408 0.00788955 0.0111842
4 0.945143 0.832401 0.0298323 0.0121711
1 0.573718 0.490954 0.0133136 0.00888158
0 0.352318 0.982237 0.00641026 0.0131579
0 0.252219 0.974836 0.0108481 0.00756579
1 0.676775 0.685691 0.00986193 0.0115132
0 0.206484 0.907401 0.00813609 0.00953947
1 0.381657 0.561678 0.0128205 0.0101974
0 0.256164 0.841118 0.0108481 0.00855263
1 0.84714 0.663487 0.0138067 0.00789474
1 0.592332 0.78898 0.0130671 0.0128289
2 0.47177 0.285691 0.00961538 0.0148026
1 0.462648 0.433224 0.0145464 0.0157895
2 0.251233 0.183553 0.0113412 0.0177632
0 0.260355 0.8625 0.010355 0.0157895
0 0.37537 0.836842 0.0120809 0.00723684
0 0.151874 0.875493 0.00739645 0.00953947
1 0.619823 0.475822 0.0113412 0.0101974
0 0.483235 0.970724 0.00739645 0.00723684
0 0.400394 0.858882 0.0142998 0.0138158
1 0.909147 0.761678 0.0071499 0.0148026
1 0.743343 0.779112 0.00936884 0.0108553
0 0.513437 0.992434 0.00912229 0.0105263
0 0.252835 0.867928 0.007643 0.0128289
0 0.108481 0.928947 0.00887574 0.0177632
1 0.30461 0.7375 0.0293393 0.0118421
0 0.491124 0.964145 0.00493097 0.0157895
0 0.235823 0.953947 0.0110947 0.0105263
0 0.809541 0.801151 0.00912229 0.00690789
1 0.550789 0.360197 0.00887574 0.00657895
1 0.830621 0.716283 0.0197239 0.0121711
1 0.725715 0.517434 0.017998 0.0151316
0 0.366371 0.836184 0.00838264 0.0111842
1 0.817924 0.584704 0.0106016 0.0121711
2 0.274532 0.0506579 0.017998 0.0144737
1 0.975468 0.749013 0.00961538 0.0144737
1 0.723743 0.691612 0.0150394 0.0213816
1 0.696129 0.394243 0.022929 0.0161184
2 0.287352 0.0978618 0.012574 0.0174342
1 0.974236 0.802961 0.0130671 0.0138158
0 0.0907298 0.957895 0.0133136 0.0151316
1 0.292653 0.690625 0.0108481 0.0200658
1 0.50037 0.330921 0.0145464 0.0131579
1 0.676775 0.406908 0.0147929 0.0138158
0 0.471277 0.994737 0.00616371 0.0105263
1 0.280449 0.549178 0.0184911 0.0174342
1 0.34788 0.445724 0.0113412 0.00921053
0 0.793023 0.844737 0.00517751 0.0111842
1 0.848003 0.577467 0.012574 0.0141447
1 0.327293 0.676809 0.0214497 0.0141447
0 0.350222 0.947368 0.00813609 0.0105263
2 0.323102 0.0924342 0.00813609 0.00723684
0 0.568294 0.989967 0.00838264 0.0115132
0 0.163462 0.874836 0.015286 0.0141447
2 0.327293 0.213487 0.0110947 0.0105263
0 0.235084 0.890954 0.0066568 0.0115132
1 0.691075 0.596053 0.0113412 0.0243421
0 0.473373 0.968914 0.00936884 0.00888158
2 0.248644 0.149178 0.00813609 0.00822368
1 0.286859 0.522533 0.0199704 0.0154605
1 0.665927 0.76727 0.010355 0.0141447
1 0.581114 0.485526 0.0118343 0.0144737
0 0.128205 0.81727 0.0138067 0.0161184
0 0.247781 0.934211 0.00986193 0.0125
1 0.365138 0.585526 0.00936884 0.0171053
0 0.268738 0.96875 0.00690335 0.00789474
2 0.255301 0.161184 0.0150394 0.0203947
1 0.753945 0.62977 0.0147929 0.0121711
1 0.346647 0.475 0.00887574 0.00986842
0 0.295981 0.8375 0.00961538 0.0138158
0 0.27108 0.98273 0.0106016 0.0167763
1 0.619823 0.565461 0.00690335 0.00789474
1 0.27182 0.717434 0.012574 0.0125
1 0.962278 0.701974 0.0138067 0.0131579
1 0.56213 0.568914 0.00739645 0.0134868
0 0.397559 0.945559 0.0106016 0.0161184
0 0.116124 0.950987 0.0172584 0.0427632
2 0.459196 0.276974 0.0175049 0.0138158
0 0.248397 0.982401 0.0110947 0.00888158
1 0.522682 0.616941 0.0113412 0.0121711
0 0.438363 0.992928 0.00641026 0.0128289
0 0.496302 0.990296 0.00788955 0.0121711
0 0.185404 0.838158 0.0177515 0.0138158
0 0.205498 0.915789 0.00961538 0.0111842
0 0.164571 0.843257 0.0115878 0.00822368
0 0.300789 0.974342 0.00788955 0.0131579
1 0.387204 0.441776 0.00961538 0.0230263
0 0.185035 0.895559 0.00912229 0.0161184
1 0.706484 0.745559 0.007643 0.0154605
2 0.338141 0.306414 0.00813609 0.0167763
2 0.295365 0.144408 0.0182446 0.0322368
2 0.494822 0.255428 0.0142998 0.00822368
2 0.436884 0.279934 0.010355 0.0118421
2 0.359467 0.0427632 0.00788955 0.0105263
2 0.523669 0.290789 0.0113412 0.0144737
0 0.058432 0.973684 0.0118343 0.0131579
1 0.442184 0.528125 0.0120809 0.0167763
0 0.195266 0.979934 0.00739645 0.00986842
1 0.925912 0.557237 0.0209566 0.0164474
1 0.689719 0.672039 0.0110947 0.0138158
1 0.6875 0.75773 0.012574 0.0233553
2 0.339004 0.135362 0.00788955 0.0115132
0 0.899655 0.83273 0.0138067 0.00822368
0 0.164571 0.944408 0.0155325 0.0157895
0 0.485947 0.862993 0.00739645 0.0101974
0 0.392135 0.992763 0.0071499 0.0105263
0 0.408284 0.960362 0.010355 0.00822368
1 0.289078 0.730263 0.00813609 0.0118421
0 0.278476 0.869079 0.0106016 0.0131579
0 0.235823 0.850987 0.007643 0.00921053
0 0.890409 0.843914 0.0101085 0.00953947
1 0.73533 0.80148 0.0106016 0.0101974
0 0.441445 0.930757 0.0101085 0.0128289
1 0.641395 0.468586 0.00912229 0.0134868
0 0.258999 0.8875 0.0071499 0.0131579
0 0.162599 0.896711 0.0115878 0.0118421
2 0.251356 0.396711 0.0115878 0.0105263
0 0.16716 0.834375 0.0113412 0.00953947
2 0.402244 0.125987 0.0140533 0.0217105
0 0.30646 0.96875 0.00591716 0.0144737
1 0.843935 0.697368 0.00838264 0.025
2 0.277737 0.25477 0.0120809 0.0128289
2 0.27108 0.141118 0.0066568 0.0190789
0 0.345907 0.840461 0.00838264 0.0131579
1 0.450444 0.347368 0.00986193 0.0138158
0 0.292283 0.926316 0.0106016 0.0164474
0 0.157175 0.835197 0.0145464 0.0118421
1 0.598743 0.643914 0.0214497 0.0253289
1 0.716346 0.584868 0.0135602 0.0171053
1 0.475715 0.465461 0.0101085 0.0217105
0 0.225468 0.982566 0.0115878 0.0125
1 0.936267 0.480757 0.0110947 0.0174342
1 0.426898 0.459868 0.00961538 0.0111842
0 0.237179 0.859211 0.00690335 0.0105263
0 0.427885 0.981414 0.00813609 0.0134868
2 0.45106 0.234211 0.0101085 0.0105263
0 0.0795118 0.969408 0.0110947 0.0131579
2 0.508629 0.293421 0.00788955 0.00921053
0 0.364398 0.992434 0.00788955 0.0144737
1 0.363659 0.532566 0.0113412 0.00921053
1 0.685651 0.548026 0.0123274 0.0177632
2 0.243713 0.247204 0.0160256 0.0134868
2 0.378575 0.0924342 0.0135602 0.00723684
1 0.360084 0.700658 0.0184911 0.00855263
1 0.74926 0.671711 0.00591716 0.00921053
0 0.196499 0.84852 0.00887574 0.0148026
0 0.173693 0.956579 0.0130671 0.0203947
1 0.615631 0.788158 0.0197239 0.0177632
0 0.120809 0.860033 0.0113412 0.0154605
1 0.74926 0.589967 0.010355 0.0108553
1 0.909024 0.709375 0.0108481 0.0121711
0 0.323471 0.956086 0.00986193 0.0148026
1 0.520217 0.654605 0.0172584 0.0151316
1 0.54105 0.38125 0.0120809 0.0151316
0 0.321992 0.934704 0.00986193 0.0115132
2 0.457963 0.261184 0.0170118 0.0157895
0 0.376849 0.846217 0.0066568 0.0108553
2 0.28427 0.271711 0.00887574 0.0125
2 0.259492 0.0725329 0.0184911 0.0213816
1 0.956114 0.769901 0.0157791 0.0115132
0 0.296844 0.854605 0.00887574 0.0151316
1 0.66753 0.749836 0.0106016 0.0174342
1 0.486193 0.583388 0.0108481 0.0174342
0 0.313486 0.927961 0.0110947 0.0125
0 0.242357 0.837664 0.0142998 0.0115132
0 0.468319 0.84523 0.012574 0.0161184
1 0.965607 0.69227 0.022929 0.0161184
1 0.399655 0.502138 0.0226824 0.0161184
0 0.477318 0.976809 0.00641026 0.0108553
1 0.370192 0.563816 0.0120809 0.0177632
2 0.319034 0.15 0.00838264 0.00986842
1 0.552761 0.459539 0.0113412 0.0125
0 0.490508 0.995395 0.0106016 0.00855263
0 0.171351 0.932072 0.0113412 0.0101974
0 0.107495 0.949178 0.00986193 0.0207237
1 0.630424 0.461678 0.0162722 0.0128289
0 0.467579 0.835197 0.0106016 0.00986842
1 0.850715 0.707566 0.00616371 0.0131579
1 0.927515 0.475822 0.00936884 0.0161184
2 0.319034 0.102796 0.025641 0.0200658
1 0.923323 0.764638 0.0177515 0.0246711
2 0.237426 0.320066 0.0118343 0.0375
1 0.560158 0.521546 0.0128205 0.0220395
0 0.368466 0.963651 0.00567061 0.00953947
1 0.506903 0.579934 0.0142998 0.00986842
0 0.231509 0.856414 0.00788955 0.0108553
0 0.185035 0.929441 0.0175049 0.0101974
1 0.991371 0.743092 0.0128205 0.0171053
0 0.198841 0.992105 0.00517751 0.0138158
1 0.682323 0.50148 0.0150394 0.0134868
1 0.690212 0.685197 0.0150394 0.0151316
0 0.125123 0.957072 0.007643 0.0148026
2 0.470661 0.298191 0.0108481 0.0134868
2 0.392012 0.216118 0.0123274 0.0171053
1 0.718195 0.502961 0.0187377 0.0131579
0 0.449581 0.971217 0.0110947 0.0148026
0 0.172461 0.974013 0.00912229 0.0151316
1 0.737179 0.769079 0.0113412 0.0138158
1 0.294255 0.752138 0.0470907 0.0279605
1 0.753452 0.65773 0.0123274 0.0115132
1 0.307322 0.463322 0.017998 0.0115132
0 0.123891 0.984704 0.0101085 0.00888158
2 0.486933 0.238322 0.0123274 0.00953947
0 0.264053 0.947204 0.0276134 0.0180921
0 0.131287 0.928454 0.0106016 0.00888158
1 0.419132 0.465625 0.010355 0.0108553
0 0.391272 0.964309 0.00641026 0.0134868
0 0.358605 0.948355 0.0071499 0.0144737
0 0.0647189 0.986184 0.0106016 0.0125
1 0.715607 0.539803 0.00862919 0.0151316
1 0.672707 0.746546 0.0066568 0.00822368
0 0.18676 0.981579 0.00862919 0.0111842
1 0.588141 0.776316 0.00961538 0.0157895
0 0.482495 0.946053 0.00788955 0.0138158
0 0.491987 0.859539 0.00912229 0.0138158
1 0.514053 0.328454 0.0118343 0.0180921
0 0.220044 0.995066 0.007643 0.00986842
0 0.213018 0.990132 0.00936884 0.0125
1 0.564842 0.353454 0.00493097 0.00888158
2 0.345044 0.189474 0.00961538 0.0177632
1 0.780572 0.562336 0.0261341 0.0233553
1 0.761958 0.462829 0.0140533 0.0197368
1 0.987919 0.502467 0.0123274 0.0134868
0 0.334073 0.869737 0.0113412 0.0105263
1 0.370685 0.412171 0.0101085 0.0138158
0 0.256164 0.989309 0.00936884 0.0128289
1 0.741741 0.475493 0.017998 0.01875
1 0.900148 0.715132 0.0108481 0.0118421
0 0.419132 0.971875 0.00887574 0.0128289
0 0.483851 0.958224 0.007643 0.00789474
0 0.451183 0.993092 0.0113412 0.0105263
1 0.643245 0.489638 0.0113412 0.0121711
0 0.47892 0.991941 0.00813609 0.0148026
0 0.146696 0.967599 0.00739645 0.00822368
2 0.320636 0.142928 0.00862919 0.00690789
0 0.406928 0.95 0.0101085 0.0118421
1 0.71573 0.766118 0.025641 0.0256579
0 0.335552 0.835033 0.0167653 0.0128289
1 0.62426 0.67648 0.0108481 0.0207237
1 0.872411 0.809704 0.0106016 0.0161184
2 0.427515 0.101974 0.0123274 0.0190789
0 0.171474 0.866776 0.00961538 0.0118421
0 0.362056 0.965625 0.00813609 0.0167763
0 0.339497 0.972368 0.010355 0.00855263
0 0.37426 0.982072 0.0108481 0.0108553
1 0.703526 0.595066 0.0155325 0.0230263
0 0.175419 0.995395 0.00961538 0.00921053
2 0.432199 0.117105 0.0133136 0.0243421
1 0.743343 0.701974 0.0241617 0.0394737
1 0.579019 0.58898 0.012574 0.0174342
1 0.643984 0.525658 0.00986193 0.0151316
1 0.393491 0.490461 0.00887574 0.0151316
1 0.903969 0.813487 0.00912229 0.0111842
1 0.350222 0.51398 0.0239152 0.0332237
1 0.797584 0.751316 0.0182446 0.0164474
0 0.518491 0.988158 0.0108481 0.0118421
0 0.353304 0.925658 0.00887574 0.00723684
0 0.279832 0.852467 0.0128205 0.0174342
1 0.477564 0.695395 0.0142998 0.0131579
1 0.283284 0.617928 0.0231755 0.03125
0 0.278969 0.993421 0.00912229 0.0125
1 0.877465 0.504441 0.0118343 0.0200658
2 0.514177 0.299178 0.0110947 0.0115132
1 0.285133 0.574178 0.0101085 0.0128289
1 0.894724 0.763322 0.0108481 0.0194079
2 0.241124 0.196382 0.00887574 0.0190789
2 0.404216 0.382566 0.0219428 0.0197368
1 0.543886 0.78898 0.0128205 0.0167763
1 0.921598 0.721875 0.0128205 0.0128289
1 0.625863 0.814803 0.0130671 0.0111842
2 0.344551 0.11102 0.0160256 0.0220395
0 0.803501 0.835691 0.0162722 0.0154605
0 0.937007 0.844079 0.00616371 0.0118421
0 0.2161 0.937993 0.00616371 0.0115132
0 0.226455 0.837007 0.0135602 0.0121711
1 0.444403 0.384539 0.0184911 0.0105263
1 0.671474 0.714309 0.0214497 0.0273026
0 0.125863 0.851151 0.00961538 0.0128289
1 0.563116 0.618586 0.0142998 0.0141447
0 0.38252 0.946382 0.00912229 0.0157895
0 0.377835 0.858717 0.012574 0.0134868
0 0.188609 0.899013 0.00788955 0.0118421
0 0.262204 0.978289 0.00961538 0.0157895
1 0.468688 0.655757 0.0216963 0.0351974
2 0.394354 0.335855 0.0140533 0.0190789
2 0.489275 0.312336 0.0130671 0.0101974
1 0.484344 0.557401 0.0106016 0.0115132
1 0.847387 0.742434 0.0147929 0.0309211
0 0.23644 0.965296 0.00690335 0.0128289
1 0.33321 0.409211 0.0115878 0.0197368
1 0.891765 0.506086 0.0138067 0.0207237
1 0.85466 0.480757 0.0130671 0.0121711
1 0.231386 0.464145 0.00912229 0.0138158
1 0.379931 0.590625 0.0172584 0.0194079
1 0.627712 0.828289 0.0162722 0.0184211
1 0.488166 0.389145 0.0157791 0.0125
1 0.579758 0.393257 0.0170118 0.0121711
2 0.270463 0.177303 0.0192308 0.0355263
1 0.476701 0.602796 0.00862919 0.0134868
1 0.631287 0.618421 0.0101085 0.0144737
0 0.347017 0.935197 0.0145464 0.0157895
1 0.515286 0.404276 0.0108481 0.00855263
1 0.565089 0.444079 0.00936884 0.0125
0 0.836785 0.830263 0.00887574 0.00460526
1 0.661612 0.625329 0.0130671 0.0171053
1 0.52034 0.419737 0.0234221 0.0276316
1 0.393491 0.58898 0.00986193 0.0108553
0 0.369083 0.950164 0.0113412 0.0161184
0 0.175296 0.856579 0.0123274 0.0138158
0 0.0996055 0.954934 0.00690335 0.0144737
1 0.405942 0.487829 0.0165187 0.0131579
0 0.310281 0.949836 0.0135602 0.0213816
1 0.569034 0.47648 0.0172584 0.0128289
0 0.298323 0.867105 0.0113412 0.0111842
1 0.34714 0.560033 0.00788955 0.00822368
0 0.154339 0.957895 0.00887574 0.0151316
2 0.282051 0.222039 0.00838264 0.0190789
2 0.230153 0.294408 0.0120809 0.0210526
1 0.70858 0.542105 0.00788955 0.0125
0 0.404216 0.992434 0.00961538 0.0151316
2 0.293023 0.277796 0.012574 0.0115132
1 0.577046 0.597862 0.0165187 0.0174342
0 0.181829 0.872862 0.0120809 0.0167763
1 0.834196 0.808388 0.0189842 0.0273026
0 0.178501 0.819572 0.00986193 0.0108553
0 0.214497 0.861678 0.00887574 0.0141447
1 0.598249 0.352467 0.012574 0.01875
2 0.496425 0.294737 0.00912229 0.0118421
1 0.907175 0.781414 0.0155325 0.0134868
1 0.314103 0.444079 0.020217 0.0144737
0 0.319403 0.834211 0.0130671 0.00986842
1 0.616124 0.515625 0.0167653 0.01875
1 0.613042 0.449178 0.0110947 0.01875
1 0.303994 0.477138 0.0251479 0.0180921
1 0.66568 0.606086 0.0118343 0.0213816
0 0.879068 0.835197 0.0110947 0.0138158
1 0.814842 0.648849 0.0157791 0.0115132
0 0.348373 0.850987 0.0108481 0.0111842
1 0.211538 0.541118 0.0138067 0.0151316
2 0.293516 0.228289 0.0219428 0.0269737
0 0.135478 0.855921 0.00567061 0.0151316
2 0.259615 0.38125 0.0128205 0.0111842
1 0.474606 0.489474 0.00887574 0.0125
0 0.436021 0.941283 0.0145464 0.0154605
0 0.340853 0.949507 0.0110947 0.00822368
0 0.132766 0.956743 0.0110947 0.0154605
2 0.342579 0.200329 0.0165187 0.0236842
0 0.0956607 0.928618 0.0197239 0.0197368
1 0.53464 0.539474 0.0130671 0.0138158
1 0.287352 0.537829 0.0140533 0.0157895
0 0.405449 0.930921 0.0115878 0.0105263
0 0.133383 0.984539 0.00936884 0.0118421
0 0.344058 0.923355 0.0110947 0.0125
2 0.293639 0.0796053 0.020217 0.0322368
1 0.779586 0.5375 0.0261341 0.0322368
0 0.135108 0.839145 0.0142998 0.0157895
1 0.830375 0.690461 0.0197239 0.0210526
1 0.993343 0.524507 0.0133136 0.0207237
1 0.347387 0.491776 0.0172584 0.0171053
0 0.497658 0.686513 0.0071499 0.0111842
0 0.429241 0.968914 0.0113412 0.00690789
2 0.441075 0.243257 0.010355 0.01875
0 0.249384 0.918257 0.00912229 0.0148026
1 0.669625 0.500658 0.0113412 0.0184211
1 0.684911 0.67352 0.00788955 0.0121711
1 0.612796 0.80477 0.0101085 0.0128289
1 0.634739 0.535691 0.0214497 0.0128289
0 0.29068 0.971217 0.00690335 0.00953947
0 0.441445 0.980921 0.00567061 0.0131579
1 0.219058 0.503783 0.0150394 0.0174342
0 0.143614 0.872533 0.00813609 0.0141447
1 0.988042 0.706579 0.0170118 0.0348684
0 0.447608 0.982401 0.00862919 0.00756579
1 0.871179 0.739967 0.0120809 0.0167763
1 0.46499 0.586678 0.00936884 0.0134868
0 0.153107 0.939967 0.0212032 0.0167763
1 0.690705 0.567434 0.0135602 0.0138158
1 0.546351 0.610362 0.0271203 0.0266447
1 0.676159 0.565954 0.0160256 0.0154605
1 0.340853 0.472039 0.00862919 0.00986842
2 0.25715 0.220395 0.0187377 0.0394737
0 0.216346 0.471875 0.00813609 0.0108553
0 0.0735947 0.925329 0.0140533 0.0157895
2 0.496795 0.304605 0.0123274 0.00855263
1 0.274162 0.405428 0.0207101 0.0345395
0 0.365385 0.849178 0.00739645 0.0154605
0 0.800912 0.848026 0.0101085 0.00723684
1 0.298077 0.449013 0.0157791 0.025
1 0.675049 0.557401 0.00887574 0.00756579
1 0.532668 0.474178 0.0135602 0.0259868
1 0.675419 0.659046 0.012574 0.0141447
2 0.329389 0.116283 0.00986193 0.0200658
0 0.112549 0.83602 0.0135602 0.0154605
0 0.32643 0.864145 0.0172584 0.0184211
1 0.366987 0.441941 0.0135602 0.0167763
0 0.342949 0.9125 0.0118343 0.0138158
1 0.63967 0.667434 0.0066568 0.0144737
0 0.204758 0.895066 0.0101085 0.0118421
1 0.660256 0.484046 0.00887574 0.0259868
1 0.451307 0.528618 0.0101085 0.0217105
1 0.330991 0.62023 0.017998 0.0226974
0 0.493466 0.975 0.00912229 0.00855263
1 0.498891 0.648191 0.012574 0.0226974
2 0.340976 0.229605 0.00936884 0.0125
0 0.958457 0.846711 0.0115878 0.0138158
1 0.737919 0.668257 0.0271203 0.0319079
0 0.0978797 0.854441 0.0147929 0.0332237
1 0.865754 0.680921 0.02786 0.0355263
1 0.742604 0.644079 0.0128205 0.0151316
0 0.22214 0.634539 0.00986193 0.0125
1 0.75789 0.77648 0.00788955 0.00888158
0 0.23644 0.978289 0.00936884 0.0131579
2 0.296228 0.34852 0.0150394 0.0154605
1 0.458087 0.548355 0.0192308 0.0197368
2 0.391026 0.146053 0.00838264 0.0118421
1 0.782175 0.754112 0.0145464 0.0233553
0 0.190705 0.820888 0.00961538 0.00690789
0 0.393491 0.83602 0.0251479 0.0141447
1 0.844921 0.641283 0.015286 0.0148026
4 0.536736 0.303947 0.0157791 0.0197368
0 0.386465 0.862829 0.0106016 0.0111842
1 0.307076 0.601974 0.0130671 0.0144737
1 0.454758 0.591941 0.0130671 0.0180921
2 0.611933 0.864638 0.0241617 0.00822368
1 0.421105 0.527961 0.00936884 0.0144737
1 0.919379 0.797862 0.0128205 0.0226974
1 0.883013 0.694572 0.00961538 0.0200658
1 0.834813 0.702138 0.0162722 0.0174342
1 0.452046 0.502796 0.0160256 0.0200658
0 0.418516 0.860033 0.012574 0.0180921
0 0.112056 0.851151 0.0170118 0.0194079
1 0.296598 0.71398 0.0172584 0.0246711
1 0.70106 0.588158 0.007643 0.0157895
0 0.47929 0.855428 0.0147929 0.0180921
1 0.962032 0.74523 0.00986193 0.0240132
1 0.95784 0.816118 0.0192308 0.0203947
1 0.845661 0.810033 0.0142998 0.0292763
1 0.587032 0.626151 0.015286 0.0279605
1 0.661366 0.522862 0.0106016 0.0128289
1 0.212032 0.574178 0.0162722 0.0404605
2 0.377219 0.243586 0.00788955 0.0286184
1 0.419872 0.696875 0.0216963 0.01875
0 0.0845661 0.867599 0.0118343 0.0128289
0 0.20747 0.940789 0.0115878 0.00789474
2 0.349729 0.222533 0.0120809 0.01875
0 0.282175 0.946217 0.012574 0.0161184
1 0.761958 0.622862 0.0165187 0.0148026
0 0.259122 0.900822 0.00986193 0.0174342
1 0.353427 0.664638 0.0175049 0.0200658
0 0.321376 0.875329 0.0101085 0.00723684
0 0.6536 0.995559 0.00986193 0.00888158
1 0.337648 0.540461 0.0150394 0.0164474
0 0.154832 0.905921 0.00739645 0.00855263
1 0.509122 0.391612 0.0197239 0.0194079
0 0.492973 0.98602 0.00862919 0.0141447
1 0.523176 0.453947 0.00887574 0.00986842
0 0.162968 0.959704 0.00936884 0.0167763
1 0.675789 0.41727 0.0207101 0.0233553
0 0.944773 0.84523 0.0113412 0.0148026
2 0.332717 0.292105 0.0115878 0.0210526
1 0.447239 0.424178 0.00838264 0.0128289
1 0.842825 0.787336 0.0115878 0.0180921
0 0.333087 0.933553 0.0138067 0.0177632
1 0.876972 0.745559 0.00690335 0.0121711
2 0.458333 0.131908 0.0123274 0.0138158
1 0.286489 0.424671 0.010355 0.0164474
1 0.738659 0.465296 0.0207101 0.0161184
0 0.249753 0.964309 0.0108481 0.0134868
0 0.59073 0.803289 0.00936884 0.0105263
1 0.761218 0.795395 0.00961538 0.0210526
1 0.563979 0.63273 0.0283531 0.0424342
1 0.840853 0.522039 0.0362426 0.0223684
1 0.95932 0.482237 0.0241617 0.0177632
1 0.891395 0.721711 0.0273669 0.0276316
1 0.269231 0.525658 0.0207101 0.0197368
0 0.266395 0.839145 0.0115878 0.0171053
2 0.271326 0.326151 0.0234221 0.0259868
1 0.564596 0.60148 0.0172584 0.0200658
0 0.189596 0.859704 0.015286 0.0180921
1 0.88967 0.56875 0.00912229 0.0177632
0 0.281928 0.979605 0.0115878 0.0164474
1 0.746425 0.541118 0.00961538 0.0144737
0 0.242357 0.813158 0.00591716 0.00921053
1 0.343442 0.574836 0.0424063 0.0365132
0 0.240754 0.921217 0.0071499 0.0128289
1 0.331238 0.595066 0.017998 0.0309211
0 0.440459 0.956579 0.0150394 0.0164474
1 0.438609 0.483059 0.0251479 0.0266447
0 0.466839 0.937336 0.0110947 0.0154605
0 0.288092 0.848355 0.0071499 0.0118421
1 0.662599 0.5375 0.00912229 0.0131579
1 0.434295 0.523026 0.0145464 0.0171053
0 0.202046 0.963816 0.0184911 0.0171053
1 0.674679 0.53602 0.0145464 0.0148026
1 0.774038 0.508224 0.0273669 0.0414474
4 0.656805 0.850164 0.0241617 0.0226974
1 0.764053 0.555921 0.0133136 0.0131579
1 0.979536 0.760362 0.0207101 0.0180921
1 0.812747 0.784211 0.0155325 0.0269737
1 0.359714 0.492763 0.0123274 0.0203947
0 0.626603 0.862993 0.007643 0.0148026
1 0.495439 0.431908 0.0101085 0.0217105
0 0.29783 0.885197 0.010355 0.0144737
1 0.65927 0.37023 0.0182446 0.0226974
0 0.198718 0.949507 0.0167653 0.0161184
1 0.502835 0.509539 0.0106016 0.0144737
0 0.473989 0.947204 0.0110947 0.0134868
1 0.567677 0.666776 0.0140533 0.0217105
1 0.537722 0.590461 0.0177515 0.0230263
0 0.768245 0.833717 0.00641026 0.0121711
0 0.264916 0.931743 0.0150394 0.0161184
0 0.927145 0.849671 0.0110947 0.0151316
1 0.948964 0.679112 0.0281065 0.0286184
1 0.46573 0.480592 0.0113412 0.0118421
1 0.530819 0.385855 0.0128205 0.0269737
0 0.435774 0.979441 0.00813609 0.0141447
0 0.0914694 0.833224 0.0187377 0.0118421
1 0.492604 0.375658 0.0221893 0.0164474
1 0.522806 0.499671 0.0120809 0.0164474
0 0.294255 0.953947 0.0120809 0.0276316
1 0.274532 0.652303 0.0219428 0.0375
1 0.876479 0.48602 0.0162722 0.0141447
0 0.172461 0.904605 0.00961538 0.0105263
1 0.393368 0.750658 0.0234221 0.0131579
1 0.261218 0.675164 0.0165187 0.0161184
1 0.796598 0.771053 0.0133136 0.0223684
0 0.180966 0.945724 0.0172584 0.0177632
1 0.705868 0.722862 0.010355 0.0134868
1 0.51393 0.480263 0.0150394 0.0151316
1 0.231755 0.572204 0.0246548 0.0332237
0 0.225838 0.896546 0.00641026 0.0134868
1 0.76356 0.708553 0.0172584 0.0197368
0 0.243097 0.949671 0.020217 0.0177632
0 0.706484 0.849507 0.012574 0.0180921
1 0.875247 0.818914 0.0157791 0.0148026
1 0.667406 0.721382 0.0138067 0.0263158
0 0.393368 0.772697 0.012574 0.0276316
0 0.159147 0.858717 0.0135602 0.0180921
2 0.267382 0.277796 0.0135602 0.0180921
1 0.80535 0.59852 0.0199704 0.0233553
1 0.902613 0.609046 0.0315582 0.0358553
0 0.252465 0.9 0.0113412 0.0171053
2 0.362426 0.0546053 0.0182446 0.0210526
1 0.971893 0.784211 0.0142998 0.0157895
1 0.588511 0.366941 0.0236686 0.0148026
1 0.503328 0.460362 0.0293393 0.0233553
1 0.515533 0.449013 0.0123274 0.0118421
0 0.9089 0.842105 0.0140533 0.0190789
1 0.739645 0.593914 0.00739645 0.0154605
0 0.0769231 0.905757 0.0118343 0.0174342
1 0.5 0.606579 0.0271203 0.0243421
0 0.449211 0.93273 0.00936884 0.0161184
1 0.619576 0.408553 0.0606509 0.0677632
1 0.383629 0.433717 0.0138067 0.0154605
4 0.924186 0.376974 0.0165187 0.0355263
1 0.719798 0.709375 0.0110947 0.0174342
1 0.440582 0.432401 0.0182446 0.0213816
1 0.611563 0.740132 0.0145464 0.0190789
1 0.595537 0.475329 0.0175049 0.0171053
1 0.501603 0.472204 0.0214497 0.0167763
0 0.0982495 0.887993 0.0110947 0.0141447
2 0.294872 0.328454 0.0182446 0.0286184
0 0.405449 0.975 0.0120809 0.0217105
0 0.125247 0.883717 0.0118343 0.0121711
2 0.286982 0.173355 0.00986193 0.0118421
2 0.380547 0.0661184 0.0160256 0.0197368
1 0.634369 0.549507 0.0187377 0.0174342
1 0.425789 0.413816 0.0187377 0.0236842
1 0.447239 0.401974 0.0142998 0.0197368
1 0.692184 0.533224 0.0175049 0.0217105
1 0.53501 0.319737 0.0335306 0.0157895
0 0.116001 0.922862 0.0130671 0.0141447
1 0.483358 0.621053 0.0106016 0.0289474
1 0.211292 0.606579 0.0162722 0.0217105
1 0.711662 0.486349 0.0327909 0.0286184
0 0.155695 0.924836 0.0120809 0.0154605
0 0.886958 0.834211 0.00862919 0.0111842
1 0.609098 0.460855 0.0135602 0.0157895
1 0.498397 0.413322 0.0199704 0.0154605
0 0.455621 0.860526 0.00986193 0.0151316
1 0.791667 0.717434 0.0325444 0.025
0 0.372411 0.925658 0.0145464 0.0276316
0 0.100962 0.938816 0.0155325 0.0190789
1 0.529586 0.627138 0.0207101 0.0207237
2 0.396943 0.0791118 0.0172584 0.0358553
1 0.74963 0.463487 0.0110947 0.0171053
1 0.887821 0.599671 0.0182446 0.0177632
1 0.609098 0.488158 0.0120809 0.0190789
1 0.696869 0.466447 0.0160256 0.0190789
1 0.31965 0.496217 0.0145464 0.0233553
1 0.706238 0.783717 0.0155325 0.0351974
2 0.296474 0.214145 0.0322978 0.0276316
1 0.577786 0.453289 0.0155325 0.0190789
1 0.652737 0.535526 0.00862919 0.0171053
0 0.401504 0.957072 0.0071499 0.0128289
1 0.539078 0.339803 0.0426529 0.0263158
0 0.431953 0.924013 0.0118343 0.0144737
1 0.374137 0.547204 0.0189842 0.0200658
0 0.376726 0.957072 0.0147929 0.0200658
1 0.314349 0.559046 0.0182446 0.0154605
1 0.309911 0.530921 0.0128205 0.0190789
0 0.0743343 0.956743 0.017998 0.0226974
0 0.155079 0.788487 0.00887574 0.0131579
1 0.674186 0.770724 0.0184911 0.0203947
0 0.848866 0.835197 0.0113412 0.0144737
1 0.980646 0.531414 0.0155325 0.0194079
0 0.821992 0.835197 0.0118343 0.0105263
0 0.314349 0.861513 0.00936884 0.0144737
1 0.90323 0.652632 0.0239152 0.0388158
1 0.598003 0.574342 0.0263807 0.0269737
1 0.83321 0.611184 0.0293393 0.0223684
0 0.217209 0.925 0.010355 0.0164474
1 0.48003 0.684211 0.0133136 0.0144737
0 0.898915 0.842434 0.0118343 0.0138158
1 0.663092 0.574342 0.0165187 0.0256579
1 0.965853 0.601316 0.0337771 0.0421053
0 0.120316 0.87648 0.0118343 0.0148026
1 0.794132 0.731579 0.0340237 0.0276316
1 0.694157 0.584868 0.0106016 0.0276316
1 0.67998 0.582072 0.015286 0.01875
1 0.420118 0.508224 0.0142998 0.0276316
2 0.342825 0.0356908 0.0214497 0.0338816
1 0.386834 0.462171 0.040927 0.0203947
1 0.261095 0.606743 0.0172584 0.0233553
1 0.543392 0.470066 0.020217 0.0256579
1 0.946006 0.79227 0.0147929 0.0246711
0 0.266519 0.872862 0.0128205 0.0207237
0 0.212894 0.968586 0.007643 0.0115132
1 0.532298 0.433717 0.0147929 0.0213816
2 0.362919 0.228454 0.0192308 0.0279605
1 0.548077 0.522533 0.00986193 0.01875
1 0.653476 0.567763 0.017998 0.0269737
1 0.23533 0.655428 0.0362426 0.0299342
1 0.433555 0.549342 0.0273669 0.0223684
1 0.577909 0.415461 0.0162722 0.0230263
1 0.612179 0.819079 0.015286 0.0144737
1 0.467332 0.554276 0.0160256 0.0236842
1 0.512451 0.76398 0.0120809 0.0207237
0 0.129561 0.859211 0.00813609 0.0151316
1 0.621055 0.367763 0.0359961 0.0355263
1 0.932939 0.587171 0.0266272 0.0203947
0 0.262821 0.962171 0.015286 0.0171053
0 0.897189 0.850822 0.00936884 0.0115132
1 0.700814 0.662993 0.017998 0.0259868
0 0.635232 0.863322 0.0135602 0.0226974
0 0.269107 0.902632 0.0140533 0.0203947
1 0.225962 0.532895 0.0175049 0.0223684
0 0.22177 0.954934 0.0150394 0.0197368
4 0.803748 0.449178 0.0147929 0.0286184
1 0.364892 0.608717 0.0295858 0.0483553
1 0.669009 0.674013 0.0244083 0.0276316
1 0.559295 0.539803 0.0120809 0.0177632
0 0.251849 0.84852 0.0135602 0.0141447
1 0.819157 0.797862 0.0150394 0.0259868
1 0.607249 0.531414 0.0133136 0.0154605
0 0.502959 0.989967 0.010355 0.0194079
0 0.289448 0.987171 0.0128205 0.0177632
1 0.720414 0.743586 0.0138067 0.0200658
1 0.53427 0.511513 0.0167653 0.0322368
1 0.440335 0.591612 0.0157791 0.0266447
1 0.857002 0.706908 0.00887574 0.00986842
0 0.132027 0.941447 0.0160256 0.0157895
1 0.8607 0.765789 0.0157791 0.0335526
1 0.59677 0.599836 0.0293393 0.0213816
1 0.333703 0.6375 0.0258876 0.0269737
1 0.831484 0.567434 0.0209566 0.0171053
0 0.272436 0.922368 0.0157791 0.0203947
1 0.779956 0.593586 0.0318047 0.0417763
0 0.225345 0.968586 0.0177515 0.0180921
1 0.553378 0.560197 0.0135602 0.0171053
1 0.475468 0.441283 0.017998 0.0246711
1 0.541913 0.415132 0.0246548 0.0171053
1 0.408407 0.554276 0.0199704 0.0230263
1 0.794009 0.5125 0.0214497 0.0276316
0 0.240261 0.904112 0.0135602 0.0213816
2 0.337648 0.100822 0.0194773 0.0279605
1 0.455745 0.622368 0.017998 0.0276316
1 0.224975 0.674507 0.0628698 0.0746711
1 0.272189 0.602796 0.0167653 0.0220395
2 0.416913 0.1125 0.0207101 0.0210526
4 0.602318 0.331086 0.035503 0.0259868
1 0.364645 0.402632 0.0320513 0.0263158
0 0.45932 0.942434 0.0147929 0.0184211
1 0.578649 0.350658 0.0295858 0.0197368
1 0.731632 0.57352 0.02786 0.0233553
1 0.831114 0.591283 0.0271203 0.0246711
1 0.402244 0.578289 0.012574 0.0203947
1 0.643121 0.681579 0.0318047 0.0434211
0 0.231509 0.880099 0.020217 0.0207237
0 0.265656 0.856086 0.0140533 0.0207237
0 0.867973 0.837171 0.0130671 0.0164474
0 0.165804 0.563158 0.00961538 0.0138158
0 0.311144 0.847368 0.0192308 0.0302632
1 0.530819 0.568092 0.0325444 0.0236842
1 0.855276 0.716612 0.0221893 0.0240132
1 0.440335 0.640789 0.0325444 0.0348684
1 0.365385 0.454934 0.0128205 0.0131579
1 0.877959 0.646217 0.0271203 0.0273026
1 0.899038 0.485691 0.0303254 0.0279605
1 0.455868 0.451151 0.0285996 0.0240132
1 0.813116 0.546382 0.0330375 0.0256579
1 0.894477 0.742928 0.025641 0.0240132
1 0.875616 0.757401 0.0184911 0.0299342
1 0.732495 0.438487 0.0300789 0.0467105
0 0.453402 0.957401 0.0113412 0.0121711
0 0.212894 0.908882 0.0120809 0.0164474
1 0.89682 0.699507 0.0110947 0.0128289
0 0.45143 0.847862 0.0172584 0.01875
0 0.179364 0.568421 0.0066568 0.0131579
1 0.434541 0.50477 0.0209566 0.0305921
1 0.835429 0.744901 0.0130671 0.0253289
1 0.821869 0.745559 0.0209566 0.0476974
1 0.199951 0.731743 0.0290927 0.0648026
0 0.922461 0.838487 0.017998 0.0190789
1 0.417776 0.581086 0.0249014 0.0490132
1 0.628698 0.661513 0.0108481 0.0171053
1 0.561144 0.402961 0.015286 0.0236842
1 0.657421 0.549507 0.0244083 0.0213816
1 0.343442 0.42648 0.0216963 0.0240132
1 0.843688 0.543586 0.0162722 0.0240132
1 0.238905 0.599342 0.0192308 0.0315789
0 0.145464 0.887336 0.0123274 0.0213816
1 0.640039 0.587664 0.025641 0.0345395
0 0.388314 0.929441 0.0162722 0.0167763
2 0.339744 0.0590461 0.010355 0.0128289
1 0.879684 0.557401 0.0167653 0.0194079
1 0.873274 0.784704 0.0261341 0.0240132
1 0.95143 0.802632 0.0192308 0.0223684
1 0.276627 0.450987 0.0182446 0.0289474
1 0.691321 0.515461 0.0177515 0.0177632
1 0.986193 0.474178 0.0276134 0.0305921
0 0.192924 0.514309 0.0120809 0.0134868
0 0.387451 0.849836 0.0106016 0.0148026
1 0.366741 0.510691 0.0298323 0.0345395
1 0.280819 0.728783 0.0216963 0.0253289
1 0.519724 0.59523 0.0231755 0.0220395
1 0.308802 0.680921 0.0209566 0.025
1 0.752219 0.562993 0.0236686 0.0351974
1 0.312377 0.664145 0.0182446 0.0236842
1 0.56891 0.33273 0.02786 0.0207237
1 0.636341 0.763651 0.0527613 0.0799342
1 0.70784 0.513487 0.0231755 0.0197368
1 0.731386 0.492599 0.0160256 0.0365132
1 0.908654 0.504276 0.02786 0.0203947
1 0.717209 0.638158 0.0177515 0.0276316
1 0.389423 0.480428 0.0135602 0.0174342
1 0.447485 0.579441 0.0197239 0.0279605
1 0.60429 0.55148 0.0246548 0.0207237
1 0.866248 0.608224 0.0421598 0.0493421
1 0.961785 0.504276 0.0325444 0.0565789
1 0.637944 0.477961 0.0165187 0.0197368
1 0.67283 0.517599 0.0172584 0.0240132
1 0.752835 0.607401 0.0224359 0.0266447
1 0.972387 0.709704 0.0142998 0.0226974
1 0.764916 0.761349 0.0293393 0.04375
1 0.71536 0.563487 0.0224359 0.0230263
1 0.229536 0.723355 0.0221893 0.0223684
1 0.516026 0.51727 0.0192308 0.0194079
1 0.915434 0.54523 0.0290927 0.0259868
1 0.253205 0.712007 0.0197239 0.0325658
1 0.295735 0.502632 0.0189842 0.0243421
1 0.595414 0.490954 0.0182446 0.0279605
1 0.355153 0.536349 0.0219428 0.0213816
0 0.267628 0.800164 0.0140533 0.0200658
1 0.871179 0.517928 0.0249014 0.0404605
1 0.92998 0.566283 0.0384615 0.0292763
1 0.571006 0.379112 0.0128205 0.0233553
1 0.734961 0.552138 0.0192308 0.0240132
1 0.352441 0.628783 0.0219428 0.03125
0 0.457101 0.978289 0.0113412 0.0190789
1 0.288092 0.607895 0.0184911 0.0355263
1 0.306213 0.57352 0.0335306 0.0338816
1 0.328402 0.46727 0.0216963 0.03125
1 0.9714 0.673026 0.0310651 0.0269737
1 0.879684 0.577303 0.0236686 0.0322368
1 0.504808 0.446546 0.00961538 0.0154605
1 0.594798 0.459539 0.0268738 0.0282895
1 0.413338 0.64227 0.0219428 0.0325658
1 0.611193 0.62023 0.0281065 0.03125
0 0.150148 0.851151 0.0128205 0.0200658
1 0.57717 0.658553 0.0226824 0.0375
1 0.780942 0.802961 0.0342702 0.0388158
1 0.890656 0.812336 0.0234221 0.0266447
0 0.464127 0.95773 0.0115878 0.0200658
1 0.619453 0.590461 0.0263807 0.0361842
1 0.552392 0.375987 0.0234221 0.0256579
0 0.755301 0.83898 0.0175049 0.0180921
1 0.931336 0.514309 0.0194773 0.0246711
1 0.258506 0.556743 0.0337771 0.0259868
1 0.94502 0.610691 0.0399408 0.0358553
1 0.741248 0.756414 0.0224359 0.03125
1 0.828402 0.78602 0.0157791 0.0259868
0 0.142751 0.925164 0.0133136 0.01875
1 0.304734 0.631579 0.0271203 0.0473684
0 0.279832 0.9625 0.0177515 0.0197368
1 0.490508 0.539145 0.0362426 0.0263158
1 0.580745 0.530428 0.0318047 0.0424342
1 0.859714 0.807237 0.0207101 0.0190789
1 0.58321 0.434046 0.012574 0.0161184
1 0.277244 0.683059 0.0204635 0.0220395
1 0.54931 0.506579 0.0172584 0.0197368
1 0.902737 0.5625 0.0170118 0.0302632
1 0.858605 0.552138 0.0160256 0.0220395
1 0.612549 0.670066 0.0253945 0.0309211
1 0.391395 0.550987 0.0175049 0.0263158
1 0.330991 0.524013 0.0239152 0.0263158
1 0.739522 0.721546 0.0234221 0.0266447
1 0.934665 0.815132 0.0236686 0.0388158
1 0.401134 0.526809 0.0374753 0.0391447
1 0.686884 0.619079 0.0212032 0.0296053
1 0.52786 0.550987 0.0226824 0.0230263
1 0.726824 0.713487 0.0167653 0.025
1 0.269477 0.504934 0.030572 0.0381579
1 0.699088 0.429934 0.038215 0.0532895
1 0.940582 0.744408 0.0187377 0.0243421
